2009	7	"2009_07"	712	"Majang"	35.12831	7.381215	"Ethiopia"	0.074562837	0	0		2340.88										0.08527472			3.520929	0.064152224		0.088760978		2.458227	34.18674	0.052243051		1					0.074372861			"climatic hazards"		0.059486408				0.052889495				102.2117	0.7807129		0.694292083	0.726341512	0	0.277428953	0.088150284	0.510524561	0.92144629	32.55556				71330			0.932109563	0.935602489	0.958293804	0.066430879		-11.26205	27.69149					119458.9	0.092174005	0.064382357	0.064784069							0.051407563	
2009	8	"2009_08"	712	"Majang"	35.12831	7.381215	"Ethiopia"	0.054790744	0	0		2340.88										0.092100266			3.520929	0.073298994		0.089816147		-1.554771	32.7371	0.070930776		1					0.083530846			"climatic hazards"		0.094995533				0.093407556				98.14048	0.7991347		0.454372549	0.663710467	0	0.210192008	0.294550004	0.420860781	0.930089394	32.55556				71330			0.908457012	1.046674498	0.943847642	0.08878404		-5.02154	32.5336					119458.9	0.083659915	0.067959611	0.074859674							0.084236709	
2009	9	"2009_09"	712	"Majang"	35.12831	7.381215	"Ethiopia"	0.083617639	0	0		2340.88										0.054035667			3.520929	0.085616311		0.058283479		0.05765225	36.40371	0.057340442		1					0.062368273			"climatic hazards"		0.098514363				0.089053827				98.24135	0.8121358		0.550772257	0.822124705	0	0.162739846	0.100127435	0.604619765	0.89371461	32.55556				71330			1.025530693	0.834776247	0.9800618	0.060359626		-10.89992	22.61007					119458.9	0.095906199	0.064957689	0.050572248							0.07573864	
2009	10	"2009_10"	712	"Majang"	35.12831	7.381215	"Ethiopia"	0.167917979	0	0		2340.88										0.185231514			3.520929	0.163537347		0.208012999		-1.489807	35.95184	0.182068177		1					0.184390224			"climatic hazards"		0.178051205				0.17718466				99.77822	0.8251294		0.458256462	0.802601864	0.100578562	0.115315058	0.377477975	0.624361829	0.859916573	32.55556				71330			0.912903609	0.809121333	0.894404087	0.180863103		-2.514207	21.54394					119458.9	0.183891001	0.173772831	0.162774997							0.177450479	
2009	11	"2009_11"	712	"Majang"	35.12831	7.381215	"Ethiopia"	0.558946903	0	0		2340.88										0.497347452			3.520929	0.568451248		0.471636884		-4.459549	30.71515	0.533515233		1					0.548575259			"climatic hazards"		0.556506335				0.54373542				97.58597	0.7992652		0.280708625	0.576353026	0.445163783	0.209715702	0.293354406	0.91185521	0.865995107	32.55556				71330			1.045701098	1.004726886	1.095431149	0.463288063		-5.057689	6.018445					119458.9	0.558000302	0.525789355	0.505794092							0.480701843	
2009	12	"2009_12"	712	"Majang"	35.12831	7.381215	"Ethiopia"	0.664150498	0	0		2340.88										0.769221095			3.520929	0.694293827		0.736982724		-4.263253	23.72305	0.749577184		1					0.725407065			"climatic hazards"		0.596522647				0.714376911				97.4705	0.7691078		0.292444301	0.274262488	0.614686145	0.319785914	0.553634902	0.880287795	0.858399091	32.55556				71330			0.938564421	1.012040908	0.88881884	0.763263787		2.81191	7.723179					119458.9	0.772256267	0.693177171	0.675786365							0.657388347	
2010	1	"2010_01"	712	"Majang"	35.12831	7.381215	"Ethiopia"	0.94566658	0	0		2340.88										1			3.520929	0.933349967		0.857181072		0.671796	26.69008	1		1					0.998140405			"climatic hazards"		0.845209386				1				102.4941	0.7411871		0.587489216	0.402451685	0.897664363	0.42169249	0.469453228	0.950231918	0.840940324	32.55556				74581			0.983156098	0.98634119	0.96720133	0.896230787		0.2666712	3.945989					119458.9	0.968952895	1	1							1	
2010	2	"2010_02"	712	"Majang"	35.12831	7.381215	"Ethiopia"	1	0	0		2340.88										1			3.520929	1		1		0.03696092	23.44792	1		1					1			"climatic hazards"		0.991494998				1				101.0583	0.6717416		0.549535213	0.26237562	1	0.675158668	0.594965019	0.837839552	0.824688515	32.55556				74581			0.962100445	0.916445489	0.946170886	1		4.061529	10.01551					119458.9	0.975984202	1	1							1	
2010	3	"2010_03"	712	"Majang"	35.12831	7.381215	"Ethiopia"	0.840409159	0	0		2340.88										0.887155531			3.520929	1		0.996271731		-0.5266686	23.64011	0.94387013		1					0.890255203			"climatic hazards"		1				0.939969364				101.8561	0.688972		0.515838279	0.270679102	0.913909049	0.612270164	0.309668739	0.880142748	0.841326858	32.55556				74581			1.078396997	0.987322946	1.069502316	0.998754127		-4.564424	7.731012					119458.9	0.950626985	0.95696021	1							0.864786657	
2010	4	"2010_04"	712	"Majang"	35.12831	7.381215	"Ethiopia"	0.856046224	0	0		2340.88										0.958442319			3.520929	1		0.963572338		-6.094814	24.51283	1		1					0.882951689			"climatic hazards"		1				1				92.67686	0.6911476		0.182943309	0.308384578	0.872389373	0.604329534	0.294880482	0.782775538	0.829821686	32.55556				74581			1.060935513	0.885128386	0.862113432	1		-5.011548	12.98913					119458.9	1	0.892779325	0.840919958							0.991938136	
2010	5	"2010_05"	712	"Majang"	35.12831	7.381215	"Ethiopia"	0.969293983	0	0		2340.88										1			3.520929	1		1		-2.177081	32.05268	1		1					1			"climatic hazards"		0.988873885				1				99.47725	0.8088021		0.417167366	0.634140409	1	0.174907376	0.566572791	0.252678904	0.852067741	32.55556				74581			0.984814456	0.953338207	0.999881938	1		3.203088	41.61592					119458.9	1	1	1							0.963807909	
2010	6	"2010_06"	712	"Majang"	35.12831	7.381215	"Ethiopia"	0.691474603	0	0		2340.88										0.828173481			3.520929	0.76592516		0.689878952		-1.586562	30.8817	0.72092067		1					0.826146411			"climatic hazards"		0.782757819				0.69023978				96.69481	0.7512118		0.452471905	0.583548744	0.694932288	0.385103764	0.605517269	0.368732532	0.871235243	32.55556				74581			1.645930567	1.076508246	0.874411443	0.7632969		4.380577	35.34868					119458.9	0.697680183	0.848878	0.698648163							0.828642716	
2010	7	"2010_07"	712	"Majang"	35.12831	7.381215	"Ethiopia"	0.793939493	0	0		2340.88										0.766149972			3.520929	0.991760723		0.929819333		2.844596	34.57311	0.8942199		3					0.871108881			"climatic hazards"		0.891461909				0.995961984				106.0654	0.8101484		0.717391389	0.743034454	0.818811489	0.169993573	0.534943428	0.260374963	0.866240419	32.55556				74581			2.483184563	1.749356665	2.113179551	0.915382435		2.246772	41.20031					119458.9	0.875771067	0.919691091	0.789520618							0.878108033	
2010	8	"2010_08"	712	"Majang"	35.12831	7.381215	"Ethiopia"	0.712799151	0	0		2340.88										0.669932782			3.520929	0.763572151		0.704395067		0.6763163	34.96819	0.59791676		3					0.656049737			"climatic hazards"		0.666115876				0.647373076				99.35763	0.8090456		0.587759465	0.760103708	0.631022828	0.174018635	0.342428114	0.394054845	0.847769831	32.55556				74581			3.208485616	2.083258085	1.467393327	0.695817852		-3.573942	33.9812					119458.9	0.759010673	0.74195745	0.761993623							0.731367865	
2010	9	"2010_09"	712	"Majang"	35.12831	7.381215	"Ethiopia"	0.329397804	0	0		2340.88										0.299217353			3.520929	0.257044747		0.292175073		-3.112714	33.23334	0.272499453		3					0.271485279			"climatic hazards"		0.279484709				0.301111061				94.35685	0.7800236		0.361229977	0.685150294	0.21715921	0.2799448	0.453427368	0.406814885	0.863535538	32.55556				74581			2.895099741	1.978305843	2.012569863	0.318026735		-0.2178718	33.29212					119458.9	0.253757684	0.250991421	0.290974035							0.255565182	
2010	10	"2010_10"	712	"Majang"	35.12831	7.381215	"Ethiopia"	0.054283388	0	0		2340.88										0.063652347			3.520929	0.070155815		0.088350262		1.36863	38.81027	0.092826469		3					0.062849658			"climatic hazards"		0.060998235				0.054198886				100.8854	0.8342857		0.629149862	0.926099048	0	0.081895867	0.184932696	0.732163873	0.84844738	32.55556				74581			3.227197324	1.748410921	1.483274737	0.084642037		-8.335827	15.72231					119458.9	0.087180862	0.096710952	0.067314408							0.061304876	
2010	11	"2010_11"	712	"Majang"	35.12831	7.381215	"Ethiopia"	0.089962438	0	0		2340.88										0.073373836			3.520929	0.065613178		0.099046747		-0.3416383	34.83306	0.092787236		3					0.081367386			"climatic hazards"		0.097112229				0.063414488				101.552	0.8317481		0.526900428	0.754265477	0	0.091157746	0.359397084	0.874879352	0.893925113	32.55556				74581			2.987401686	2.003586013	1.551684407	0.094104675		-3.060884	8.015251					119458.9	0.052867146	0.063582837	0.081562157							0.066675008	
2010	12	"2010_12"	712	"Majang"	35.12831	7.381215	"Ethiopia"	0.055829003	0	0		2340.88										0.084822986			3.520929	0.075062561		0.095469044		-1.26678	26.71952	0.072804823		3					0.098032579			"climatic hazards"		0.052188157				0.061417836				101.7315	0.8027302		0.471590267	0.403723627	0	0.197068945	0.442834377	0.942322556	0.930012992	32.55556				74581			2.91738277	1.522946162	1.721939728	0.094721619		-0.5381516	4.373118					119458.9	0.092616391	0.097069215	0.064111223							0.074451597	
2011	1	"2011_01"	712	"Majang"	35.12831	7.381215	"Ethiopia"	0.095728781	0	0		2340.88										0.06434715			3.520929	0.098058437		0.064875583		0.707206	26.72549	0.076817158		2					0.093034914			"climatic hazards"		0.084827321				0.050336803				100.6994	0.7282087		0.589606224	0.403981559	0	0.469061801	0.405776074	0.985883349	0.976773621	32.55556				78601			2.205888148	1.552488844	1.263272688	0.054590933		-1.658612	2.020706					119458.9	0.07659766	0.075586885	0.072360326							0.06362272	
2011	2	"2011_02"	712	"Majang"	35.12831	7.381215	"Ethiopia"	0.098693548	0	0		2340.88										0.072340666			3.520929	0.09267474		0.064593516		1.885836	25.2968	0.096962858		2					0.059067204			"climatic hazards"		0.050620253				0.068761009				98.671	0.655873		0.660071338	0.342255649	0	0.733076797	0.454710474	0.916365018	0.955153619	32.55556				78601			1.885593626	1.773021661	1.812295946	0.085860552		-0.179077	5.774902					119458.9	0.092019085	0.076791129	0.088297488							0.095789026	
2011	3	"2011_03"	712	"Majang"	35.12831	7.381215	"Ethiopia"	0.063880206	0	0		2340.88										0.06500848			3.520929	0.06181098		0.094935739		-3.593567	20.57321	0.055005996		2					0.072241409			"climatic hazards"		0.067665329				0.074905627				96.31379	0.651483		0.332481887	0.138175066	0	0.749099671	0.362401873	0.850618628	1.01669028	32.55556				78601			2.007644262	2.147567573	1.807165123	0.090142552		-2.970034	9.325402					119458.9	0.05894686	0.083665501	0.073906291							0.088872314	
2011	4	"2011_04"	712	"Majang"	35.12831	7.381215	"Ethiopia"	0.054460465	0	0		2340.88										0.089965726			3.520929	0.094970091		0.068248554		-0.5147219	30.09292	0.071644368		2	1	0	2	0	0.05257826			"climatic hazards"		0.056649808				0.054617462				100.36	0.7484458		0.516552519	0.549469859	0	0.395199269	0.599921912	0.611989545	1.130258872	32.55556				78601			1.956863865	2.166176666	1.952760669	0.069008727		4.211401	22.21208					119458.9	0.079333859	0.077476672	0.061026912							0.090220149	
2011	5	"2011_05"	712	"Majang"	35.12831	7.381215	"Ethiopia"	0.06904371	0	0		2340.88										0.057645557			3.520929	0.075371825		0.086532031		-1.173982	33.05578	0.053529481		2					0.061615267			"climatic hazards"		0.066283154				0.094532868				99.68631	0.8105018		0.477138252	0.677478894	0	0.168703713	0.87206876	0.08163848	1.19989934	32.55556				78601			2.006452526	1.844682243	2.111276209	0.08834521		12.43978	50.85261					119458.9	0.080230126	0.08334336	0.069763768							0.051121242	
2011	6	"2011_06"	712	"Majang"	35.12831	7.381215	"Ethiopia"	0.088149224	0	0		2340.88										0.076552993			3.520929	0.08722003		0.088317148		-2.098437	30.36982	0.055389054		2					0.086914991			"climatic hazards"		0.079335036				0.081007026				107.6012	0.8359427		0.421869146	0.561433199	0	0.075848054	0.772344599	0.275329512	1.257709609	32.55556				78601			2.119535027	1.819740702	1.89023758	0.060485843		9.424613	40.39272					119458.9	0.07063879	0.097481538	0.052049377							0.098606199	
2011	7	"2011_07"	712	"Majang"	35.12831	7.381215	"Ethiopia"	0.06644477	0	0		2340.88										0.064890737			3.520929	0.084035077		0.080878696		2.266214	33.99472	0.059462909		2	1	0	2	0	0.0850933			"climatic hazards"		0.071561218				0.08070248				110.0111	0.8402864		0.682812468	0.718045374	0	0.059994168	0.999996693	1.85E-06	1.338977346	32.55556				78601			1.917686596	1.804193505	2.072665326	0.089126189		16.30769	55.26123					119458.9	0.092770129	0.091951698	0.073746639							0.09266898	
2011	8	"2011_08"	712	"Majang"	35.12831	7.381215	"Ethiopia"	0.095959153	0	0		2340.88										0.081868563			3.520929	0.086889378		0.081966027		-9.154803	25.13707	0.085222189		2					0.099609493			"climatic hazards"		0.05277382				0.079049445				93.83965	0.764114		0	0.335354586	0	0.338012572	0.608844498	0.244894146	1.367707529	32.55556				78601			2.146400209	1.995790403	1.770726172	0.087652733		4.481176	42.03632					119458.9	0.095017606	0.081861897	0.09886401							0.059314139	
2011	9	"2011_09"	712	"Majang"	35.12831	7.381215	"Ethiopia"	0.067750149	0	0		2340.88										0.065201572			3.520929	0.064136534		0.076898693		-1.608673	34.73738	0.068260441		2					0.086789438			"climatic hazards"		0.072095301				0.068635297				101.1825	0.8364495		0.451149985	0.750131666	0	0.073998306	0.849847545	0.184867998	1.392888307	32.55556				78601			1.932043864	2.106247025	1.907661313	0.055839292		11.76792	45.27791					119458.9	0.093915376	0.08509734	0.097749454							0.050273824	
2010	7	"2010_07"	29	"Jamaame"	42.80163	0.124303	"Somalia"		0	0	0.964415236	2134.57	1	0.986620473				1	0.817726143	0.968886707	0.778271843		0.922487242	0.854275812	44.90625		0.986893156			-0.8888958	18.49532			2						0.85231353	0.780189528	"continued strife"	0.959390629		0.89974574	0.96170079	0.990115935			0.977871258	0.827383148	104.6466	0.4970549	0			0.834659975				0.560737	83.75		0.986725129	0.788858544	162847		0.985655639	2.165784476	1.927149906	2.110426149		0.780465269	-0.1826815	6.938141	0.865912525	0.992297963		0.833584875	22440.57				0.800077624	1	0.982770682	1	0.973998945	0.873509449		0.956626974
2010	8	"2010_08"	29	"Jamaame"	42.80163	0.124303	"Somalia"		0	0	0.756445751	2134.57	0.758889505	0.719847699				0.721498159	0.621379114	0.753795147	0.686033538		0.652325146	0.659461649	44.90625		0.81917236			2.351784	20.26937			2						0.75956039	0.786122846	"continued strife"	0.702614351		0.694806948	0.694754429	0.677663521			0.662847354	0.760539318	104.6876	0.4437623	0			0.653583765				0.5540855	83.75		0.770751782	0.779384829	162847		0.756495777	2.18425848	1.946567647	1.848927936		0.695665455	-0.5828016	4.247498	0.660450453	0.822130342		0.793077386	22440.57				0.695255092	0.72036146	0.726412319	0.703334457	0.789834942	0.636136654		0.782490894
2010	9	"2010_09"	29	"Jamaame"	42.80163	0.124303	"Somalia"		0	0	0.595321967	2134.57	0.665255419	0.590933311				0.522565166	0.619300144	0.631803403	0.643187957		0.5874234	0.577646739	44.90625		0.494141453			0.8200266	16.60717			2						0.524979513	0.554160131	"continued strife"	0.508870826		0.522359765	0.539023321	0.535683878			0.659788813	0.602620238	106.7176	0.3955515	0			0.509271488				0.5619686	83.75		0.557623056	0.51887802	162847		0.622756248	2.111712747	1.864376855	2.115007725		0.514065259	-0.06348254	3.249528	0.672887506	0.607750819		0.61490511	22440.57				0.527003966	0.537148317	0.550054133	0.65911312	0.639099109	0.629441941		0.545818652
2010	10	"2010_10"	29	"Jamaame"	42.80163	0.124303	"Somalia"		0	0	0.247821804	2134.57	0.202121198	0.262623373				0.227900008	0.259075702	0.262207667	0.225885761		0.230370642	0.214889257	44.90625		0.210483682			-1.55641	13.03583			2						0.20447152	0.250606725	"continued strife"	0.236205741		0.210703351	0.237925782	0.226437035			0.265527291	0.243647926	94.05821	0.339298	0			0.157108502				0.5947121	83.75		0.236471653	0.223255418	162847		0.250520765	1.907504225	1.969624376	2.090777233		0.242501902	-1.403965	1.624674	0.215978164	0.263814159		0.220369856	22440.57				0.215411825	0.248603224	0.253332839	0.231381378	0.211291143	0.220097751		0.201704072
2010	11	"2010_11"	29	"Jamaame"	42.80163	0.124303	"Somalia"		0	0	0.059779333	2134.57	0.061833023	0.077710563				0.057352965	0.064289074	0.056763912	0.087220548		0.085905617	0.056621481	44.90625		0.057663461			-5.330665	10.65972			2						0.056447844	0.089769347	"continued strife"	0.098408712		0.097948907	0.091561961	0.091698932			0.079765585	0.071305682	80.7389	0.3321334	0			0				0.6008335	83.75		0.051953438	0.084804423	162847		0.087986219	2.039329825	1.694812007	2.091556853		0.061734443	-4.741882	3.545612	0.091308617	0.063193914		0.085439156	22440.57				0.070015773	0.067054251	0.094918312	0.077950424	0.081542989	0.089647695		0.085470359
2010	12	"2010_12"	29	"Jamaame"	42.80163	0.124303	"Somalia"		0	0	0.078781009	2134.57	0.074338749	0.084567931				0.077049609	0.072415654	0.083265556	0.083534674		0.081354024	0.072333588	44.90625		0.051305042			-5.851869	7.88705			2						0.065461059	0.08302465	"continued strife"	0.078876104		0.056302536	0.088656823	0.099082135			0.088625075	0.06546671	70.6128	0.3081971	0			0				0.6337059	83.75		0.094486358	0.082392745	162847		0.078859266	2.066329952	1.925481928	1.868731423		0.072975527	-1.337362	1.015438	0.069868479	0.097939407		0.086072151	22440.57				0.069980626	0.054702115	0.097161075	0.06787979	0.060343496	0.093147486		0.060833501
2011	1	"2011_01"	29	"Jamaame"	42.80163	0.124303	"Somalia"		0	0	0.080301412	2134.57	0.084865977	0.062051566				0.067371428	0.062972142	0.059803892	0.090435812		0.080681921	0.068891398	44.90625		0.088617912			-4.176503	7.127244			2						0.062814861	0.058949973	"continued strife"	0.056767517		0.090233213	0.080965408	0.056353224			0.072862088	0.067028335	77.48599	0.2917953	0			0				0.840147	83.75		0.062648218	0.075566506	166945		0.081797628	1.897735787	1.855138949	1.904135161		0.069906744	-0.03727277	0.1422099	0.079908674	0.061368196		0.095531802	22440.57				0.077390101	0.089086941	0.094956699	0.087161958	0.077618384	0.063366654		0.079105009
2011	2	"2011_02"	29	"Jamaame"	42.80163	0.124303	"Somalia"		0	0	0.061892934	2134.57	0.072705813	0.086867695				0.076949656	0.068470626	0.054047439	0.079965714		0.093326732	0.075329489	44.90625		0.093682251			-2.511167	6.358782			2						0.06900035	0.050404441	"continued strife"	0.066407635		0.054759891	0.082321711	0.057646205			0.066516421	0.0783913	85.04211	0.2700284	0			0				0.8820279	83.75		0.088533555	0.065468219	166945		0.05051131	2.068450213	1.790947173	2.123269635		0.095519454	-0.00431131	0.3330211	0.065024239	0.066790999		0.096892483	22440.57				0.05868745	0.073523059	0.090188702	0.071140178	0.076588244	0.099183423		0.05275468
2011	3	"2011_03"	29	"Jamaame"	42.80163	0.124303	"Somalia"		0	0	0.265833744	2134.57	0.295849863	0.304575366				0.314248943	0.264570737	0.254761942	0.278269972		0.316995247	0.278907794	44.90625		0.25215616			-1.483177	6.828413			2						0.270723311	0.241492333	"continued strife"	0.303038779		0.303911737	0.302554454	0.285224013			0.242801794	0.272999841	89.82272	0.2626697	0			0.209149065				0.9414262	83.75		0.306591376	0.311837888	166945		0.279196587	2.105713296	2.0748121	2.02815109		0.304337402	-0.834564	0.5254068	0.308916576	0.293413642		0.28924112	22440.57				0.308480154	0.261753502	0.295220696	0.281695293	0.275018829	0.249302565		0.267084435
2011	4	"2011_04"	29	"Jamaame"	42.80163	0.124303	"Somalia"		0	0	0.77021185	2134.57	0.711494965	0.804132269				0.834245123	0.825697716	0.713584684	0.871702792		0.710202786	0.753131343	44.90625		0.834328354			-3.61625	7.79645			2	4	0	3	0		0.714751948	0.853539036	"continued strife"	0.739230878		0.739163526	0.863887544	0.769698824			0.879221097	0.72430946	77.85949	0.2666368	0			0.720876523				0.9746402	83.75		0.86827246	0.762466795	166945		0.844494052	1.824957981	1.84560198	1.647118611		0.841679624	-9.540051	4.665375	0.814457685	0.738396551		0.742194858	22440.57				0.808785862	0.83569511	0.776770189	0.792349729	0.720849373	0.747163981		0.856249281
2011	5	"2011_05"	29	"Jamaame"	42.80163	0.124303	"Somalia"		0	0	0.931188332	2134.57	0.903252081	0.973471522				0.889191747	1	0.954151049	1		0.81790691	1	44.90625		0.932364739			-1.938158	17.23833			2						0.811442951	1	"continued strife"	0.839308882		0.996781526	0.869918513	0.865578799			0.913323863	0.914918205	95.92209	0.444306	0			0.852366364				1.038129	83.75		1	0.823643264	166945		0.976480374	2.16069608	2.194809914	1.879588387		0.955169455	-6.694435	14.13138	0.913779406	0.858450248		0.960895872	22440.57				0.804907287	1	0.827652221	0.90647073	1	0.847352896		0.807501534
2011	6	"2011_06"	29	"Jamaame"	42.80163	0.124303	"Somalia"		0	0	0.881225482	2134.57	0.872057901	0.949401285				1	1	0.950358461	0.863046672		1	0.948797292	44.90625		0.877699811			-6.281025	13.21934			2						1	0.974467283	"continued strife"	0.936364067		0.959910304	0.855820253	0.987256935			0.851762914	0.893465363	77.07174	0.3792994	0			0.858689939				1.07705	83.75		0.968275974	0.952869083	166945		0.822149471	2.403001204	2.194209022	1.877727139		0.840629846	-4.282087	9.505315	0.854017887	0.918406134		0.951286796	22440.57				1	0.965980488	1	0.980161081	0.977000868	0.930631325		0.81457492
2011	7	"2011_07"	29	"Jamaame"	42.80163	0.124303	"Somalia"		0	0	0.708017355	2134.57	0.803306068	0.657170581				0.638599436	0.715360754	0.772935184	0.712336881		0.621969121	0.605519468	44.90625		0.757986428			-5.966519	13.41769			4	5	0	5	0		0.671163327	0.694874257	"continued strife"	0.682382054		0.789786694	0.719622515	0.693837674			0.743166989	0.666757387	79.99354	0.3799566	0			0.630337303				1.081075	83.75		0.79404406	0.728897165	166945		0.741692832	3.536031565	1.655242886	1.473256927		0.699088961	0.8482828	7.969105	0.752141111	0.639399334		0.7181005	22440.57				0.802436843	0.811666076	0.743322159	0.667961967	0.704790639	0.611281941		0.742695677
2011	8	"2011_08"	29	"Jamaame"	42.80163	0.124303	"Somalia"		0	0	0.492494761	2134.57	0.571671292	0.512853203				0.509134043	0.547793266	0.524942305	0.525080673		0.527766742	0.56281475	44.90625		0.502660395			-5.674995	12.2426			4						0.550038423	0.549308419	"continued strife"	0.474150194		0.47093073	0.57131204	0.482406039			0.535012607	0.508115223	75.85239	0.3215323	0			0.445046988				1.117253	83.75		0.498977936	0.491179189	166945		0.460879784	3.743057739	2.433780236	2.718090976		0.5394468	1.590104	6.420404	0.54413269	0.492950376		0.479127905	22440.57				0.548898105	0.477624658	0.606663393	0.475487506	0.54713744	0.601538201		0.504241678
2011	9	"2011_09"	29	"Jamaame"	42.80163	0.124303	"Somalia"		0	0	0.383759348	2134.57	0.313908358	0.360980946				0.38472111	0.34907285	0.347966991	0.354664313		0.307177098	0.329204693	44.90625		0.306177837			-4.683687	11.10345			4						0.402460323	0.312420234	"continued strife"	0.322789488		0.348088851	0.329812565	0.316016358			0.371149157	0.369559218	72.77247	0.2697329	0			0.27607205				1.165714	83.75		0.321064257	0.362809212	166945		0.321041149	3.743128121	2.450956057	2.135229998		0.383535226	-0.009620805	3.30339	0.366306143	0.340526911		0.351455444	22440.57				0.309383731	0.352415309	0.342473108	0.347158091	0.340198371	0.383921068		0.296905763
2011	10	"2011_10"	29	"Jamaame"	42.80163	0.124303	"Somalia"		0	0	0.079378026	2134.57	0.050040394	0.082843182				0.081172324	0.069880629	0.085647331	0.064869177		0.066224579	0.057042848	44.90625		0.063155782			-0.2675653	14.32467			4	4		4			0.071302493	0.055548817	"continued strife"	0.085354822		0.050214803	0.085403874	0.058713932			0.089901669	0.07368259	99.88581	0.36032	0			0				1.159213	83.75		0.054166551	0.088081258	166945		0.093251116	3.853332175	2.008956554	1.626304741		0.092308197	2.582968	5.611607	0.063871436	0.062528369		0.070158768	22440.57				0.076749277	0.09462517	0.073334613	0.099914367	0.053476157	0.052384567		0.064539604
2011	11	"2011_11"	29	"Jamaame"	42.80163	0.124303	"Somalia"		0	0	0.05213234	2134.57	0.099757441	0.066967938				0.058177028	0.080495306	0.057837528	0.091220239		0.095187426	0.092923345	44.90625		0.065587257			1.102046	17.09243			4						0.082052506	0.062761795	"continued strife"	0.052250394		0.069626462	0.083033529	0.081025871			0.060111126	0.090235163	111.0221	0.4567085	0			0				1.157779	83.75		0.053932	0.067215646	166945		0.08265045	4.256204933	2.038731192	1.736416576		0.073316817	4.268867	12.55636	0.079617155	0.095463575		0.085001717	22440.57				0.078738844	0.092787574	0.087324864	0.068748973	0.08962198	0.092072009		0.098932041
2011	12	"2011_12"	29	"Jamaame"	42.80163	0.124303	"Somalia"		0	0	0.105321649	2134.57	0.104140083	0.101353463				0.113639694	0.104594413	0.115901093	0.126347032		0.078213148	0.102777081	44.90625		0.127807599			3.197122	16.93604			4						0.090928141	0.12298817	"continued strife"	0.113524665		0.091742558	0.082526736	0.128901224			0.094087263	0.098663963	114.4155	0.4993785	0			0.028711749				1.204176	83.75		0.111513813	0.123348985	166945		0.094144446	3.877286434	2.086516661	2.73672235		0.107280227	2.318006	4.670806	0.114063051	0.104994975		0.102826648	22440.57				0.096908762	0.101753738	0.103176964	0.121250747	0.108670632	0.102759486		0.089867456
2012	1	"2012_01"	29	"Jamaame"	42.80163	0.124303	"Somalia"		0	0	0.438898225	2134.57	0.361246856	0.41939235				0.441568654	0.378051247	0.435081641	0.435730825		0.419580416	0.384708596	44.90625		0.448030719			3.224048	14.5278			3	3		3			0.435891077	0.399927965	"continued strife"	0.381344181		0.371279188	0.421495316	0.43619824			0.411935935	0.392629694	117.6122	0.4429018	0			0.328209218				0.939073	83.75		0.432828643	0.38995088	171042		0.426223604	3.310576012	1.936939621	2.069824388		0.343323712	-0.03904123	0.1404414	0.42353401	0.368021494		0.453142937	22440.57				0.431222955	0.43154183	0.455183936	0.42351166	0.436435877	0.444162514		0.371603173
2012	2	"2012_02"	29	"Jamaame"	42.80163	0.124303	"Somalia"		0	0	0.680045648	2134.57	0.653245758	0.803030041				0.812583767	0.770527615	0.758914605	0.702707748		0.74526785	0.630830601	44.90625		0.844799054			2.184415	11.05436			3						0.7996619	0.798928154	"continued strife"	0.761347647		0.752727035	0.739652536	0.718252973			0.796346228	0.6611292	115.9913	0.3682993	0			0.651366199				0.8559237	83.75		0.696549316	0.833272516	171042		0.729847367	3.133690045	1.662702597	1.477560021		0.670665718	0.004101889	0.3414343	0.678293057	0.78595341		0.634737057	22440.57				0.714056024	0.719264398	0.642429653	0.743259787	0.62979062	0.74621463		0.718904543
2012	3	"2012_03"	29	"Jamaame"	42.80163	0.124303	"Somalia"		0	0	0.740660661	2134.57	0.632773637	0.636817045				0.607040758	0.765929068	0.618182995	0.6984181		0.725300226	0.766184176	44.90625		0.569908595			0.795301	9.106892			3						0.716406499	0.767554485	"continued strife"	0.734716801		0.68222236	0.662200031	0.730107242			0.63691536	0.674675255	110.7453	0.3238539	0			0.601423161				0.8816485	83.75		0.618186814	0.703708275	171042		0.609641107	2.934338948	1.903078983	1.814900526		0.771160205	-0.8299705	0.5300003	0.680643892	0.656751365		0.733951589	22440.57				0.633846785	0.68891539	0.631983286	0.7122648	0.620357568	0.725178721		0.667887954
2012	4	"2012_04"	29	"Jamaame"	42.80163	0.124303	"Somalia"		0	0	0.574533313	2134.57	0.731092409	0.59751027				0.650609828	0.590267506	0.596081093	0.536790556		0.543264754	0.582933666	44.90625		0.626699741			0.9721507	12.38485		0	3	2	0	3	0		0.605525383	0.624348482	"continued strife"	0.5899416		0.56749828	0.671259559	0.685745421			0.56887601	0.632971026	98.09097	0.3359213	0			0.553624856				0.924957	83.75		0.627487539	0.652470341	171042		0.694512042	3.260532202	2.060522956	1.268648301		0.570973444	-6.638061	7.567365	0.632999499	0.690050951		0.629289978	22440.57				0.577923209	0.636558848	0.716237749	0.562256819	0.605432832	0.666898882		0.707781072
2012	5	"2012_05"	29	"Jamaame"	42.80163	0.124303	"Somalia"		0	0	0.51060418	2134.57	0.58919678	0.519612897				0.536910865	0.541495274	0.577567645	0.548499253		0.517043347	0.525655711	44.90625		0.488520039			-1.197	17.97949			3						0.501899876	0.595204519	"continued strife"	0.544318322		0.562731963	0.500129286	0.549890962			0.535320431	0.538848633	77.31484	0.3581183	0			0.461274705				0.9043658	83.75		0.578778769	0.496178347	171042		0.574621347	2.925237713	1.687031975	1.977052608		0.512900417	-9.293983	11.53184	0.569021698	0.498420225		0.482800115	22440.57				0.565104763	0.478614708	0.615780428	0.514916892	0.508930017	0.515021414		0.529011803
2012	6	"2012_06"	29	"Jamaame"	42.80163	0.124303	"Somalia"		1	10	0.440550858	2134.57	0.474726587	0.443340648				0.440991805	0.451642382	0.376152047	0.375713982		0.457013857	0.458277846	44.90625		0.406661565			-6.949238	12.55113			3						0.455805758	0.40300877	"continued strife"	0.398469087		0.445119806	0.377082719	0.455207291			0.456645984	0.419579559	65.05372	0.3201541	0.099009803			0.361478113				0.8666902	83.75		0.410713549	0.466667138	171042		0.490598735	2.999062457	1.600644965	1.204902081		0.404228635	-3.044939	10.74246	0.425315255	0.397900582		0.443380306	22440.57				0.434825401	0.450633758	0.448253163	0.430619564	0.393178716	0.447193542		0.468712712
2012	7	"2012_07"	29	"Jamaame"	42.80163	0.124303	"Somalia"		0	0	0.220084857	2134.57	0.207259344	0.256354397				0.241846902	0.223492214	0.201867579	0.22340578		0.241849553	0.265765528	44.90625		0.236975917			-7.276182	12.10803		0	3	3	0	3	0		0.241132089	0.238325752	"continued strife"	0.225260346		0.237303354	0.279621665	0.214978879			0.21428479	0.201009786	75.81676	0.3601176	0			0.162375962				0.858662	83.75		0.24239866	0.231677182	171042		0.24005174	2.935962238	1.532058602	1.240181126		0.273694047	-1.582473	5.538349	0.274154385	0.238827013		0.226556362	22440.57				0.228711963	0.225213583	0.242079819	0.284482755	0.254819573	0.226426144		0.210409599
2012	8	"2012_08"	29	"Jamaame"	42.80163	0.124303	"Somalia"		0	0	0.097364487	2134.57	0.060112752	0.089459493				0.079784665	0.089458519	0.064530244	0.079595947		0.067844441	0.086667707	44.90625		0.053951069			-4.569874	13.34772			3						0.083371309	0.050012153	"continued strife"	0.067838177		0.070161725	0.053144579	0.054815851			0.097345791	0.065564638	87.95418	0.3728308	0			0				0.8948772	83.75		0.083117653	0.055446207	171042		0.055485498	2.881116183	1.744666448	1.896264861		0.092868913	0.2423715	5.072671	0.074194234	0.051042992		0.093204198	22440.57				0.082652813	0.090419141	0.068637791	0.082614228	0.056819193	0.085020935		0.095643213
2012	9	"2012_09"	29	"Jamaame"	42.80163	0.124303	"Somalia"		0	0	0.098910481	2134.57	0.075203954	0.09556407				0.07963253	0.058581346	0.059102022	0.064675589		0.082848535	0.072094292	44.90625		0.08769083			-3.38248	12.40466			3						0.098805569	0.088465598	"continued strife"	0.081801573		0.053803231	0.088737341	0.093478822			0.080075183	0.054287716	80.16822	0.2971455	0			0				0.7984704	83.75		0.091069034	0.085970745	171042		0.067501913	2.735684199	1.791903617	2.091131966		0.052216128	-0.2800554	3.032955	0.090119995	0.060391385		0.096688541	22440.57				0.051696168	0.095454625	0.079801187	0.078515287	0.05919528	0.098177569		0.063489729
2016	2	"2016_02"	82	"Yambio"	28.54729	5.124909	"South Sudan"		5	5		8896.165			0.572397408	0.633712629	0.643867857								19.12649				0.616347604	-1.26753	0.6840823		0	1	2	0	2	0				"pests"							0.693499445			99.12362	0.4466696		0.332841384	0.007031664	0.547863757	0.863218015	0.369698774	0.987921109	2.892087	60.8835	0.62771856			174854	0.676969285		0.990064008	0.999278134	0.86053449			-1.56885	1.021575			0.565439274		60628.16											
2016	3	"2016_03"	82	"Yambio"	28.54729	5.124909	"South Sudan"		1	3		8896.165			0.639792975	0.649308236	0.684942286								19.12649				0.72006272	0.4174041	8.46958			1								"pests"							0.720505584			98.39831	0.5444371		0.419898722	0.180459637	0.562691182	0.652526999	0.999996589	0.364766377	5.101842	60.8835	0.636882653			174854	0.588165008		1.068377009	1.086057253	1.001942994			16.90932	28.53793			0.712321875		60628.16											
2016	4	"2016_04"	82	"Yambio"	28.54729	5.124909	"South Sudan"		1	0		8896.165			0.531188844	0.530764122	0.419843199								19.12649				0.546548454	8.196671	30.45479			1								"pests"							0.495286673			104.908	0.7094965		0.821838637	0.670197168	0.404297761	0.296820525	0.599797759	0.391759209	5.045928	60.8835	0.477178506			174854	0.450081665		1.216639736	0.842073188	1.065060123			5.176863	27.34602			0.461253863		60628.16											
2016	5	"2016_05"	82	"Yambio"	28.54729	5.124909	"South Sudan"		1	0		8896.165			0.190978562	0.236357165	0.212061562								19.12649				0.21766705	8.203164	42.88969			2								"pests"							0.243170532			104.0249	0.8221382		0.822174118	0.947194168	0.12831893	0.054075296	0.422071632	0.321143617	7.480484	60.8835	0.212931572			174854	0.191085759		1.740288397	1.487677439	1.320213412			-0.03345746	30.46416			0.21165628		60628.16											
2016	6	"2016_06"	82	"Yambio"	28.54729	5.124909	"South Sudan"		1	0		8896.165			0.054003216	0.095182387	0.050549423								19.12649				0.080863494	4.143343	42.07392		0	2	2	0	2	0				"pests"							0.067035833			102.8359	0.8276717		0.612410894	0.929022261	0	0.042150487	0.355510075	0.353964352	7.47037	60.8835	0.080483569			174854	0.051367147		1.847952688	2.01686893	2.096259602			-1.984814	29.01491			0.059362617		60628.16											
2016	7	"2016_07"	82	"Yambio"	28.54729	5.124909	"South Sudan"		0	0		8896.165			0.445764357	0.387983364	0.388790757								19.12649				0.463335373	4.810286	41.45046			2								"pests"							0.415548352			102.0556	0.8249262		0.646870569	0.915134208	0.372396567	0.048067097	0.462413202	0.323058396	6.821572	60.8835	0.424978411			174854	0.481876492		1.823939956	1.999799307	2.093801551			1.149219	30.37961			0.390440318		60628.16											
2016	8	"2016_08"	82	"Yambio"	28.54729	5.124909	"South Sudan"		3	5		8896.165			0.725199901	0.769821223	0.636245255								19.12649				0.635313234	1.252817	37.9109			2								"pests"							0.794177312			101.7945	0.8159404		0.463062917	0.836287776	0.623919254	0.067431685	0.344883593	0.240033995	7.683396	60.8835	0.622499513			174854	0.658366836		2.099131803	1.774037368	1.970329541			-2.296346	34.04568			0.634520026		60628.16											
2016	9	"2016_09"	82	"Yambio"	28.54729	5.124909	"South Sudan"		3	6		8896.165			1	1	1								19.12649				1	4.638055	36.99054			2								"pests"							1			101.1055	0.7694275		0.637971721	0.815786046	1	0.167667961	0.266260992	0.43817091	9.434502	60.8835	1			174854	1		2.092849748	1.975796012	1.698844184			-4.601291	25.29664			1		60628.16											
2016	10	"2016_10"	82	"Yambio"	28.54729	5.124909	"South Sudan"		4	2		8896.165			0.862041434	0.889653734	0.884903949								19.12649				0.93741284	-0.472385	27.28934		0	2	2	0	2	0				"pests"							1			100.1639	0.7074719		0.373925013	0.599684325	0.884548241	0.301183581	0.166074101	0.48892874	11.48053	60.8835	1			174854	0.945476198		2.038955506	2.051339737	2.131958164			-7.538427	23.05535			0.900166751		60628.16											
2016	11	"2016_11"	82	"Yambio"	28.54729	5.124909	"South Sudan"		8	13		8896.165			0.837711923	0.79319617	0.826888129								19.12649				0.943638308	-2.024065	17.39569			2								"pests"							0.816942824			97.27296	0.642546		0.293752661	0.379295631	0.765949153	0.441100259	0.428389034	0.803677403	10.6659	60.8835	0.945011915			174854	0.847648748		1.839521756	2.158597241	1.811921333			0.1517471	9.157139			0.757142579		60628.16											
2016	12	"2016_12"	82	"Yambio"	28.54729	5.124909	"South Sudan"		5	13		8896.165			0.487608427	0.460698594	0.521745739								19.12649				0.45037065	-0.437454	6.023882			2								"pests"							0.540410004			104.6449	0.547054		0.375729831	0.125979826	0.413795778	0.646887525	0.409622886	0.992719998	11.43017	60.8835	0.498132156			174854	0.525574925		1.933245211	1.89106241	1.863299782			-0.398412	0.8096727			0.492634715		60628.16											
2017	1	"2017_01"	82	"Yambio"	28.54729	5.124909	"South Sudan"		6	15		8896.165			0.319669242	0.294206204	0.322770536								19.12649				0.303616501	-2.023502	0.4886383			2								"pests"							0.302365277			97.23338	0.4129158		0.29378175	0.002677998	0.227493048	0.935958163	0.411453949	0.988167392	11.23514	60.8835	0.301936159			145529	0.295339267		2.286485939	1.824295725	2.103842259			-0.3447315	1.0107			0.302599241		60628.16											
2017	2	"2017_02"	82	"Yambio"	28.54729	5.124909	"South Sudan"		2	2		8896.165			0.074690856	0.073834089	0.063392169								19.12649				0.069953852	-0.551429	1.400183		0	3	2	0	2	0				"pests"							0.081801558			96.91771	0.4367294		0.36984096	0.02298336	0	0.884639355	0.383905689	0.978488802	10.70246	60.8835	0.099748439			145529	0.086816263		2.795420396	1.65757764	1.721084984			-1.152352	1.438073			0.078431868		60628.16											
2017	3	"2017_03"	82	"Yambio"	28.54729	5.124909	"South Sudan"		3	1		8896.165			0.065873033	0.077613809	0.066096026								19.12649				0.092211414	-2.655717	5.396459			3								"pests"							0.098085076			92.92081	0.5141302		0.261116404	0.112003494	0	0.717839005	0.369402867	0.783432587	13.0891	60.8835	0.098851312			145529	0.085570256		2.818764714	1.550758959	1.894254813			-1.577525	10.05108			0.076816146		60628.16											
2017	4	"2017_04"	82	"Yambio"	28.54729	5.124909	"South Sudan"		2	0		8896.165			0.057080124	0.051596993	0.081186315								19.12649				0.085370252	-0.6838979	21.57423			3								"pests"							0.094368092			96.15857	0.650324		0.362996544	0.472375836	0	0.424338506	0.553985101	0.422175317	17.49168	60.8835	0.056140505			145529	0.094501603		2.555261319	1.777321152	2.052959594			3.833793	26.00295			0.054251386		60628.16											
2017	5	"2017_05"	82	"Yambio"	28.54729	5.124909	"South Sudan"		6	28		8896.165			0.353893338	0.289977102	0.343729013								19.12649				0.372740149	4.325263	39.01179			2								"pests"							0.302876026			103.0374	0.8143332		0.621810354	0.860810951	0.265031322	0.070895235	0.398878412	0.336542243	20.49412	60.8835	0.31322065			145529	0.303484308		2.455419427	1.380248613	1.157712851			-0.7134031	29.78421			0.315609812		60628.16											
2017	6	"2017_06"	82	"Yambio"	28.54729	5.124909	"South Sudan"		3	2		8896.165			0.522158272	0.552419117	0.556459662								19.12649				0.549497711	4.465074	42.39565		0	2	2	0	2	0				"pests"							0.523277799			101.3211	0.8154803		0.629034122	0.936189046	0.460090348	0.06842321	0.094569419	0.527209142	28.88196	60.8835	0.52911106			145529	0.466445099		2.056053944	2.051762139	1.658404862			-9.634699	21.36502			0.482041238		60628.16											
2017	7	"2017_07"	82	"Yambio"	28.54729	5.124909	"South Sudan"		3	3		8896.165			0.509699644	0.530493324	0.542629288								19.12649				0.470228642	8.370884	45.01105			2								"pests"							0.489904059			104.8027	0.8471309		0.830839891	0.9944491	0.429699758	0.000215502	0.460587408	0.324270447	31.38166	60.8835	0.526601308			145529	0.523565257		2.337502199	1.656702597	1.858624841			1.095693	30.32609			0.461736912		60628.16											
2017	8	"2017_08"	82	"Yambio"	28.54729	5.124909	"South Sudan"		1	1		8896.165			0.400181435	0.38680634	0.353244914								19.12649				0.404389894	7.360113	44.0182			3								"pests"							0.417418596			102.0821	0.8182456		0.778615277	0.9723326	0.305238339	0.06246393	0.425086623	0.186785481	31.02047	60.8835	0.361170477			145529	0.399561077		2.784970953	1.303546767	1.000385372			0.05493173	36.39695			0.378366851		60628.16											
2017	9	"2017_09"	82	"Yambio"	28.54729	5.124909	"South Sudan"		3	5		8896.165			0.338956872	0.352763723	0.324568683								19.12649				0.351520312	7.056342	39.40882			3								"pests"							0.292811626			104.9186	0.7984458		0.762920008	0.869655101	0.261536306	0.105132915	0.483247631	0.294108435	30.05348	60.8835	0.324179654			145529	0.327858977		2.934451228	1.821686318	1.293928109			1.760013	31.65794			0.387207211		60628.16											
2017	10	"2017_10"	82	"Yambio"	28.54729	5.124909	"South Sudan"		2	3		8896.165			0.275730552	0.298186186	0.301083889								19.12649				0.310970793	2.682987	30.44471		0	3	2	0	2	0				"pests"							0.305337042			107.9224	0.7622708		0.536957079	0.669972628	0.221493609	0.1830908	0.205164861	0.462975391	31.34948	60.8835	0.29348685			145529	0.314249481		2.860856121	1.740806009	1.685152801			-6.39242	24.20136			0.249874016		60628.16											
2017	11	"2017_11"	82	"Yambio"	28.54729	5.124909	"South Sudan"		0	0		8896.165			0.269903182	0.266936849	0.234643179								19.12649				0.223269018	6.184567	25.60432			3								"pests"							0.278213734			108.0194	0.7135329		0.717877053	0.562149203	0.177644789	0.288121998	0.380571192	0.835424798	30.22039	60.8835	0.272419509			145529	0.235533891		2.985216274	1.876781087	1.530917207			-1.250108	7.755284			0.260669652		60628.16											
2017	12	"2017_12"	82	"Yambio"	28.54729	5.124909	"South Sudan"		0	0		8896.165			0.159256659	0.141738171	0.187135821								19.12649				0.145197442	1.729483	8.190819			3								"pests"							0.155648031			108.9147	0.5693754		0.487691342	0.174250021	0.096105354	0.598784439	0.402559184	0.997409758	29.03433	60.8835	0.18219741			145529	0.164113491		2.97927587	1.797032316	1.525698472			-0.6054955	0.6025891			0.144142901		60628.16											
2018	1	"2018_01"	82	"Yambio"	28.54729	5.124909	"South Sudan"		0	0		8896.165			0.288242914	0.245487103	0.281228588								19.12649				0.222606838	0.2773049	2.789445			3								"pests"							0.253083736			96.32364	0.4090525		0.412660063	0.053930244	0.189264729	0.944283656	0.396717413	0.997951323	29.32642	60.8835	0.282555867			116204	0.263990626		2.678554709	1.951060829	1.230827301			-0.7767562	0.5786755			0.240644816		60628.16											
2018	2	"2018_02"	82	"Yambio"	28.54729	5.124909	"South Sudan"		1	0		8896.165			0.325569963	0.336418673	0.347438778								19.12649				0.361411381	1.71632	3.667933		0	2	3	0	3	0				"pests"							0.297233222			98.94894	0.4458825		0.487011235	0.073499242	0.275767835	0.864914232	0.472498113	0.919670195	34.50012	60.8835	0.320117758			116204	0.398087669		2.195065488	1.474168963	1.076856042			1.444874	4.035299			0.344046738		60628.16											
2018	3	"2018_03"	82	"Yambio"	28.54729	5.124909	"South Sudan"		0	0		8896.165			0.507375505	0.483060378	0.501027686								19.12649				0.531234866	11.64476	19.69694			2								"pests"							0.558854004			119.32	0.6601968		0.999994833	0.430557752	0.443873355	0.403062414	0.663179151	0.5883874	34.83954	60.8835	0.552530805			116204	0.515523659		1.944075849	1.682888276	1.706366823			7.034988	18.6636			0.450662539		60628.16											
2018	4	"2018_04"	82	"Yambio"	28.54729	5.124909	"South Sudan"		1	0		8896.165			0.508364634	0.441706124	0.430723237								19.12649				0.522063141	8.363586	30.62171			2								"pests"							0.435634587			112.418	0.7602869		0.830462818	0.67391544	0.392068017	0.187366146	0.462898934	0.482649489	35.61301	60.8835	0.508623152			116204	0.436265682		2.011761296	1.950966923	1.748802323			1.163459	23.33262			0.483377926		60628.16											
